----------------------------------------------------
0/1 Knapsack Problem using Top-down (Memoization)
----------------------------------------------------
N	Run		Value		Time(s)
100	1		2451		0.002657
100	2		1810		0.001856
100	3		1843		0.002361
----------------------------------------------------
	Average		2034.666667	0.002291
----------------------------------------------------
1000	1		3208		0.061074
1000	2		3958		0.065982
1000	3		3675		0.067432
----------------------------------------------------
	Average		3613.666667	0.064829
----------------------------------------------------
5000	1		4214		0.442589
5000	2		4347		0.506603
5000	3		4191		0.447108
----------------------------------------------------
	Average		4250.666667	0.465434
----------------------------------------------------
10000	1		4457		1.001111
10000	2		4468		1.029261
10000	3		4430		0.878147
----------------------------------------------------
	Average		4451.666667	0.969506
----------------------------------------------------
25000	1		4467		2.699733
25000	2		4479		6.288889
25000	3		4461		5.734603
----------------------------------------------------
	Average		4469.000000	4.907742
----------------------------------------------------
50000	1		4535		7.452030
50000	2		4482		6.059365
50000	3		4487		5.914804
----------------------------------------------------
	Average		4501.333333	6.475400
----------------------------------------------------
75000	1		4523		9.550522
75000	2		4603		12.128734
75000	3		4659		18.008740
----------------------------------------------------
	Average		4595.000000	13.229332
----------------------------------------------------
100000	1		4821		28.529211
100000	2		4781		14.701227
100000	3		4775		14.408517
----------------------------------------------------
	Average		4792.333333	19.212985
----------------------------------------------------
