----------------------------------------------------
0/1 Knapsack Problem using Bottom Up DP (Tabulation)
----------------------------------------------------
N	Run		Value		Time(s)
5	1		1107		0.000328
5	2		526		0.000298
5	3		664		0.000309
----------------------------------------------------
	Average		765.666667	0.000312
----------------------------------------------------
10	1		630		0.000516
10	2		460		0.000488
10	3		1509		0.000584
----------------------------------------------------
	Average		866.333333	0.000529
----------------------------------------------------
100	1		2366		0.006625
100	2		1659		0.004894
100	3		2688		0.005168
----------------------------------------------------
	Average		2237.666667	0.005562
----------------------------------------------------
1000	1		3499		0.059142
1000	2		3179		0.053565
1000	3		3724		0.053496
----------------------------------------------------
	Average		3467.333333	0.055401
----------------------------------------------------
5000	1		4160		0.276126
5000	2		4321		0.264123
5000	3		4335		0.287550
----------------------------------------------------
	Average		4272.000000	0.275933
----------------------------------------------------
10000	1		4386		0.659034
10000	2		4415		0.593616
10000	3		4380		0.568608
----------------------------------------------------
	Average		4393.666667	0.607086
----------------------------------------------------
25000	1		4455		1.672997
25000	2		4466		1.782465
25000	3		4472		1.569118
----------------------------------------------------
	Average		4464.333333	1.674860
----------------------------------------------------
50000	1		4486		3.311731
50000	2		4491		2.956726
50000	3		4469		3.032502
----------------------------------------------------
	Average		4482.000000	3.100319
----------------------------------------------------
75000	1		4545		4.273274
75000	2		4494		3.991199
75000	3		4752		4.076365
----------------------------------------------------
	Average		4597.000000	4.113612
----------------------------------------------------
100000	1		4758		5.358836
100000	2		4765		5.300051
100000	3		4777		5.308277
----------------------------------------------------
	Average		4766.666667	5.322388
----------------------------------------------------
