----------------------------------------------------
0/1 Knapsack Problem using Top-down (Memoization)
----------------------------------------------------
N	Run		Value		Time(s)
5	1		438		0.000002
5	2		392		0.000001
5	3		337		0.000001
----------------------------------------------------
	Average		389.000000	0.000002
----------------------------------------------------
10	1		788		0.000006
10	2		1072		0.000007
10	3		805		0.000004
----------------------------------------------------
	Average		888.333333	0.000005
----------------------------------------------------
100	1		2072		0.004368
100	2		2669		0.001812
100	3		2372		0.001467
----------------------------------------------------
	Average		2371.000000	0.002549
----------------------------------------------------
1000	1		3707		0.075845
1000	2		3565		0.064854
1000	3		3714		0.066037
----------------------------------------------------
	Average		3662.000000	0.068912
----------------------------------------------------
5000	1		4082		0.441483
5000	2		4339		0.563982
5000	3		4252		0.458744
----------------------------------------------------
	Average		4224.333333	0.488070
----------------------------------------------------
10000	1		4454		1.197310
10000	2		4432		1.428562
10000	3		4429		1.340498
----------------------------------------------------
	Average		4438.333333	1.322124
----------------------------------------------------
25000	1		4452		3.219840
25000	2		4467		2.756316
25000	3		4478		3.210781
----------------------------------------------------
	Average		4465.666667	3.062313
----------------------------------------------------
50000	1		4478		10.846585
50000	2		4492		6.927870
50000	3		4534		5.281630
----------------------------------------------------
	Average		4501.333333	7.685362
----------------------------------------------------
75000	1		4807		8.150810
75000	2		4697		8.416782
75000	3		4624		11.838712
----------------------------------------------------
	Average		4709.333333	9.468768
----------------------------------------------------
100000	1		4667		16.210699
100000	2		4887		15.498562
100000	3		4783		14.798775
----------------------------------------------------
	Average		4779.000000	15.502679
----------------------------------------------------
